0.000000 0 10.000000
218.417502 10 10.000000
221.718570 20 10.000000
217.652876 35 9.900000
218.441651 45 9.900000
221.818230 60 9.801000
209.901505 65 9.801000
197.272967 70 9.801000
216.183876 75 9.801000
204.402508 80 9.801000
203.992954 90 9.702990
195.065304 95 9.702990
201.237709 100 9.702990
195.174527 105 9.702990
202.871152 120 9.605960
197.179938 125 9.605960
199.333470 130 9.605960
198.732841 140 9.605960
197.825004 145 9.605960
198.836256 150 9.509900
199.795842 160 9.509900
197.508374 165 9.509900
201.930726 175 9.509900
197.955403 185 9.414802
195.050084 190 9.414802
201.068498 195 9.414802
196.442036 200 9.414802
197.359349 205 9.414802
198.709240 220 9.320654
195.609327 225 9.320654
198.665952 235 9.320654
194.864333 240 9.227448
202.646472 245 9.227448
200.801734 265 9.227448
199.744097 275 9.135173
197.990766 280 9.135173
196.598973 290 9.135173
197.503277 295 9.135173
202.657490 325 9.043821
200.548955 330 8.953383
198.002612 335 8.953383
200.544823 345 8.953383
198.712225 350 8.953383
203.681059 355 8.953383
196.593693 370 8.863850
198.756151 380 8.863850
197.653930 390 8.775211
196.266285 395 8.775211
201.061761 400 8.775211
197.731826 405 8.775211
197.313632 420 8.687459
195.278955 425 8.687459
198.248368 430 8.687459
194.881569 435 8.687459
197.906840 440 8.687459
196.978589 450 8.600584
196.580479 455 8.600584
199.260236 475 8.600584
197.975696 480 8.514578
198.188674 490 8.514578
197.653037 495 8.514578
194.051794 500 8.514578
198.324585 505 8.514578
199.558378 515 8.429432
194.752564 530 8.429432
195.410043 535 8.429432
194.479467 540 8.345138
201.259237 545 8.345138
202.699268 555 8.345138
201.049232 560 8.345138
197.513912 565 8.345138
200.518487 570 8.261686
200.923731 580 8.261686
206.311909 585 8.261686
196.787132 590 8.261686
199.061139 595 8.261686
192.920098 615 8.179070
194.470640 620 8.179070
200.677367 625 8.179070
194.919923 630 8.097279
199.725706 635 8.097279
196.685203 655 8.097279
196.029241 665 8.016306
195.400858 670 8.016306
197.962078 680 8.016306
195.810979 685 8.016306
192.787393 690 7.936143
196.136148 695 7.936143
194.500278 700 7.936143
195.540948 710 7.936143
198.497245 720 7.856781
195.312478 730 7.856781
197.515823 735 7.856781
198.438415 740 7.856781
193.854774 755 7.778214
196.360030 765 7.778214
195.746165 770 7.778214
196.300259 780 7.700432
197.848771 785 7.700432
194.200315 790 7.700432
196.928058 795 7.700432
195.868103 805 7.700432
195.276823 810 7.623427
193.717443 815 7.623427
193.086639 825 7.623427
192.861884 830 7.623427
193.660508 840 7.547193
193.659637 855 7.547193
194.511278 860 7.547193
191.612121 865 7.547193
192.075304 880 7.471721
193.150751 900 7.397004
186.786330 905 7.397004
189.926079 915 7.397004
187.128443 920 7.397004
186.590516 925 7.397004
188.707215 940 7.323034
189.518951 945 7.323034
191.763709 955 7.323034
188.304729 965 7.249804
180.719612 975 7.249804
177.540319 985 7.249804
181.086148 990 7.177306
184.880536 1000 7.177306
181.780051 1005 7.177306
178.917575 1010 7.177306
188.230387 1040 7.105533
180.086805 1045 7.105533
187.242374 1060 7.034478
184.908482 1065 7.034478
183.059445 1070 7.034478
186.596448 1090 6.964133
188.419304 1105 6.964133
186.948734 1120 6.894492
184.807132 1130 6.894492
185.581410 1135 6.894492
182.302907 1165 6.825547
184.442008 1170 6.757291
184.461752 1180 6.757291
186.551589 1190 6.757291
186.216281 1200 6.689718
184.514231 1205 6.689718
186.689347 1210 6.689718
186.552443 1215 6.689718
183.989489 1225 6.689718
183.814361 1230 6.622821
186.209831 1235 6.622821
181.774970 1255 6.622821
184.057272 1260 6.556593
186.661403 1270 6.556593
184.651030 1275 6.556593
185.196264 1280 6.556593
185.301230 1285 6.556593
183.679232 1295 6.491027
188.466820 1315 6.491027
182.177464 1320 6.426117
186.721238 1325 6.426117
185.908096 1330 6.426117
186.580892 1335 6.426117
178.253777 1365 6.361856
182.586388 1380 6.298237
182.645921 1390 6.298237
184.526664 1395 6.298237
180.092154 1410 6.235255
181.115664 1420 6.235255
179.497121 1425 6.235255
182.594827 1430 6.235255
176.309449 1450 6.172903
179.068340 1465 6.172903
175.248160 1475 6.111174
174.066909 1480 6.111174
175.096458 1530 5.989562
178.962074 1540 5.989562
177.169102 1560 5.929666
176.706967 1565 5.929666
174.598146 1570 5.929666
175.991071 1575 5.929666
177.343094 1580 5.929666
180.876436 1590 5.870369
179.894606 1600 5.870369
181.277905 1605 5.870369
176.092158 1620 5.811666
183.092318 1630 5.811666
181.343987 1645 5.811666
179.899859 1655 5.753550
180.369478 1670 5.753550
179.383190 1675 5.753550
180.298637 1680 5.696014
179.591174 1685 5.696014
179.519904 1690 5.696014
180.379506 1695 5.696014
179.652565 1700 5.696014
178.137174 1705 5.696014
179.781564 1715 5.639054
177.908323 1720 5.639054
178.331596 1725 5.639054
178.279040 1730 5.639054
179.446768 1735 5.639054
161.161134 1740 5.582664
166.551742 1745 5.582664
161.582848 1750 5.582664
167.656838 1765 5.582664
161.317020 1770 5.526837
164.591400 1775 5.526837
166.202873 1780 5.526837
175.117151 1790 5.526837
168.172586 1810 5.471569
173.082796 1815 5.471569
166.021865 1820 5.471569
168.290610 1825 5.471569
165.419387 1830 5.416853
167.422870 1835 5.416853
161.295009 1855 5.416853
161.729471 1860 5.362684
160.816122 1865 5.362684
162.266034 1870 5.362684
163.938039 1875 5.362684
162.508452 1880 5.362684
165.677475 1915 5.309057
164.290322 1940 5.255967
163.049343 1960 5.203407
162.498538 1970 5.203407
162.868413 1975 5.203407
164.946815 2005 5.151373
165.389352 2010 5.099859
164.891008 2015 5.099859
164.853908 2020 5.099859
160.916376 2030 5.099859
165.276640 2040 5.048861
160.454677 2060 5.048861
160.885222 2070 4.998372
161.777465 2075 4.998372
161.124451 2080 4.998372
160.764258 2095 4.998372
161.131236 2100 4.948389
160.801520 2105 4.948389
161.323586 2110 4.948389
160.378335 2120 4.948389
158.262653 2125 4.948389
161.033676 2130 4.898905
159.696511 2140 4.898905
161.316078 2145 4.898905
160.793735 2155 4.898905
158.050797 2165 4.849916
159.675410 2175 4.849916
162.526892 2200 4.801417
161.868428 2210 4.801417
158.401370 2225 4.753403
157.957613 2230 4.753403
158.329963 2240 4.753403
159.684143 2245 4.753403
160.992051 2250 4.705869
161.052865 2265 4.705869
158.991547 2275 4.705869
160.668996 2280 4.658810
159.890478 2285 4.658810
156.910041 2305 4.658810
158.479294 2330 4.612222
160.220609 2340 4.566100
159.166147 2345 4.566100
159.419078 2360 4.566100
158.043927 2370 4.520439
160.270943 2380 4.520439
158.705921 2400 4.475235
159.697438 2410 4.475235
158.663281 2420 4.475235
157.800057 2430 4.430483
157.552258 2440 4.430483
159.098089 2445 4.430483
159.730024 2450 4.430483
160.697804 2475 4.386178
158.868567 2485 4.386178
159.077076 2490 4.342316
158.901329 2495 4.342316
158.042953 2505 4.342316
158.456206 2510 4.342316
162.111722 2520 4.298893
158.159204 2525 4.298893
160.169435 2530 4.298893
158.077653 2540 4.298893
156.144629 2550 4.255904
155.816838 2555 4.255904
156.515831 2565 4.255904
159.447276 2570 4.255904
161.531002 2575 4.255904
158.657090 2580 4.213345
159.950188 2585 4.213345
159.460044 2590 4.213345
159.924789 2595 4.213345
158.634853 2600 4.213345
156.294905 2610 4.171212
157.780864 2620 4.171212
155.662424 2635 4.171212
158.551714 2640 4.129499
157.563021 2665 4.129499
158.882963 2670 4.088204
157.495016 2680 4.088204
156.566646 2695 4.088204
157.097146 2700 4.047322
156.581369 2710 4.047322
155.713493 2715 4.047322
156.651513 2725 4.047322
156.557740 2730 4.006849
154.976245 2745 4.006849
152.973971 2750 4.006849
154.880004 2760 3.966781
156.956861 2765 3.966781
155.939149 2770 3.966781
155.841203 2775 3.966781
154.608398 2785 3.966781
154.673336 2790 3.927113
153.335074 2800 3.927113
153.769830 2810 3.927113
154.172668 2815 3.927113
152.810732 2820 3.887842
152.612013 2825 3.887842
152.930094 2835 3.887842
153.359987 2845 3.887842
152.212640 2855 3.848963
150.754274 2865 3.848963
148.111843 2870 3.848963
144.071665 2875 3.848963
139.557120 2880 3.810474
109.236540 2895 3.810474
88.094640 2900 3.810474
49.369819 2910 3.772369
54.910805 2920 3.772369
49.777680 2935 3.772369
35.738982 2945 3.734646
26.111251 2960 3.734646
25.024401 2965 3.734646
24.264356 2970 3.697299
10.788046 2985 3.697299
9.521299 3005 3.660326
7.513141 3015 3.660326
3.478995 3035 3.623723
1.923131 3045 3.623723
4.613651 3050 3.623723
3.014737 3060 3.587486
3.846601 3065 3.587486
2.247281 3075 3.587486
2.698923 3080 3.587486
1.430538 3090 3.551611
2.784435 3095 3.551611
1.829100 3100 3.551611
1.298867 3105 3.551611
2.705353 3110 3.551611
1.752225 3115 3.551611
0.957017 3125 3.516095
1.451612 3140 3.516095
1.826193 3145 3.516095
2.113439 3150 3.480934
3.192275 3170 3.480934
4.035204 3190 3.446125
1.263840 3200 3.446125
1.640371 3205 3.446125
1.552459 3215 3.411663
0.878167 3235 3.411663
1.268075 3245 3.377547
0.866735 3255 3.377547
0.987019 3265 3.377547
1.188113 3285 3.343771
1.491509 3290 3.343771
2.519988 3300 3.310334
1.970057 3310 3.310334
0.641441 3325 3.310334
2.296710 3330 3.277231
1.203965 3335 3.277231
0.919559 3340 3.277231
0.879928 3350 3.277231
1.576563 3360 3.244458
1.130709 3370 3.244458
1.684414 3380 3.244458
1.107722 3385 3.244458
1.628806 3390 3.212014
1.231753 3400 3.212014
3.500981 3405 3.212014
0.803366 3415 3.212014
4.151252 3430 3.179894
2.699582 3440 3.179894
1.844868 3445 3.179894
0.965704 3450 3.148095
1.987242 3460 3.148095
2.871504 3465 3.148095
2.522207 3470 3.148095
2.720670 3475 3.148095
2.132988 3480 3.116614
3.270253 3485 3.116614
2.401897 3490 3.116614
1.532591 3495 3.116614
1.454921 3525 3.085448
1.367439 3530 3.085448
1.042124 3540 3.054593
1.238744 3545 3.054593
2.971757 3560 3.054593
1.375222 3565 3.054593
1.389427 3585 3.024047
2.823312 3590 3.024047
2.338381 3595 3.024047
1.407428 3605 2.993807
1.544332 3610 2.993807
1.564928 3620 2.993807
2.711325 3645 2.963869
3.232188 3650 2.963869
1.056507 3655 2.963869
1.833456 3660 2.934230
2.887567 3665 2.934230
1.924328 3670 2.934230
1.193448 3675 2.934230
0.941732 3680 2.934230
2.043278 3685 2.934230
1.002447 3690 2.904888
1.152748 3695 2.904888
1.277910 3705 2.904888
2.226161 3720 2.875839
1.771782 3725 2.875839
2.781124 3735 2.875839
1.869317 3745 2.875839
1.272573 3750 2.847081
1.121411 3770 2.847081
1.485165 3775 2.847081
0.982529 3780 2.818610
1.507040 3785 2.818610
2.451972 3790 2.818610
1.329352 3795 2.818610
1.272446 3800 2.818610
1.278943 3815 2.790424
4.159221 3820 2.790424
2.281461 3825 2.790424
1.514199 3845 2.762520
1.007097 3850 2.762520
3.300286 3855 2.762520
1.137196 3870 2.734895
1.473713 3875 2.734895
2.794141 3885 2.734895
1.888047 3895 2.734895
2.203039 3900 2.707546
2.209708 3920 2.707546
1.655347 3940 2.680470
2.978550 3965 2.653665
1.597145 3970 2.653665
1.820913 3975 2.653665
2.711826 3980 2.653665
2.091646 3995 2.627129
1.247389 4000 2.627129
1.836131 4005 2.627129
2.370623 4015 2.627129
2.259847 4020 2.600857
2.627583 4025 2.600857
2.687310 4030 2.600857
2.100921 4035 2.600857
1.898181 4045 2.600857
2.186792 4050 2.574849
1.933045 4055 2.574849
2.979967 4060 2.574849
2.067717 4065 2.574849
2.265374 4085 2.549100
3.960997 4090 2.549100
4.370764 4095 2.549100
1.389666 4100 2.549100
1.973233 4120 2.523609
2.369551 4125 2.523609
1.400320 4130 2.523609
1.605055 4135 2.523609
3.335643 4140 2.498373
2.419552 4150 2.498373
1.487458 4155 2.498373
1.478494 4170 2.473389
1.235309 4180 2.473389
2.432468 4185 2.473389
2.249577 4190 2.473389
1.393919 4205 2.448656
2.556569 4225 2.448656
2.359626 4230 2.424169
2.277647 4240 2.424169
1.720879 4260 2.399927
1.481055 4280 2.399927
1.330359 4295 2.375928
2.717247 4300 2.375928
1.297363 4310 2.375928
1.527325 4315 2.375928
1.333098 4320 2.352169
1.160888 4330 2.352169
1.428858 4340 2.352169
1.504865 4365 2.328647
2.003716 4370 2.328647
1.770957 4375 2.328647
2.078640 4380 2.305361
2.037847 4400 2.305361
1.593823 4405 2.305361
1.949354 4420 2.282307
1.430608 4425 2.282307
1.001833 4440 2.259484
1.428014 4445 2.259484
0.935690 4450 2.259484
0.970045 4465 2.259484
0.826611 4470 2.236889
0.872779 4475 2.236889
1.416145 4480 2.236889
1.354106 4490 2.236889
1.823214 4495 2.236889
2.297993 4500 2.214520
2.154528 4505 2.214520
2.357048 4510 2.214520
1.287084 4515 2.214520
2.265971 4530 2.192375
1.999634 4535 2.192375
1.567202 4540 2.192375
1.620414 4545 2.192375
1.310051 4550 2.192375
1.651468 4555 2.192375
2.392998 4565 2.170451
1.987537 4575 2.170451
1.542727 4580 2.170451
1.115640 4595 2.148747
0.993107 4605 2.148747
1.153334 4610 2.148747
1.215257 4625 2.127259
1.723542 4630 2.127259
0.641468 4635 2.127259
1.844103 4645 2.127259
1.099637 4660 2.105987
1.341964 4665 2.105987
1.348170 4680 2.084927
1.248543 4690 2.084927
1.461448 4700 2.084927
0.981082 4705 2.084927
0.936005 4710 2.064078
1.356908 4715 2.064078
1.572681 4720 2.064078
0.989808 4725 2.064078
1.254930 4730 2.064078
1.229959 4745 2.043437
1.163845 4750 2.043437
0.850288 4755 2.043437
1.040405 4760 2.043437
1.223360 4775 2.023002
2.830676 4790 2.023002
2.954689 4795 2.023002
2.160930 4800 2.002772
2.363785 4805 2.002772
1.649805 4815 2.002772
1.737115 4820 2.002772
1.017141 4840 1.982745
1.767905 4845 1.982745
1.216377 4855 1.982745
0.991492 4860 1.962917
0.878148 4865 1.962917
2.434069 4885 1.962917
1.213378 4890 1.943288
1.394267 4900 1.943288
2.170327 4925 1.923855
1.275554 4930 1.923855
1.763425 4935 1.923855
1.768534 4950 1.904616
1.913233 4955 1.904616
0.888724 4960 1.904616
0.940154 4965 1.904616
1.541075 4975 1.904616
1.208912 4985 1.885570
0.991135 4995 1.885570
0.866649 5010 1.866715
1.716946 5020 1.866715
2.375328 5025 1.866715
1.386852 5040 1.848047
0.901189 5045 1.848047
1.165596 5060 1.848047
1.636322 5080 1.829567
2.258846 5085 1.829567
2.242009 5095 1.829567
2.424798 5105 1.811271
1.160650 5135 1.793159
1.275892 5140 1.793159
1.110786 5155 1.793159
1.529105 5160 1.775227
0.952465 5165 1.775227
1.151212 5170 1.775227
1.233239 5175 1.775227
1.508452 5190 1.757475
0.967775 5195 1.757475
1.009030 5200 1.757475
1.323715 5210 1.757475
1.009037 5215 1.757475
1.145819 5220 1.739900
1.298676 5230 1.739900
1.297277 5235 1.739900
0.917979 5250 1.722501
0.824364 5260 1.722501
0.878063 5280 1.705276
1.561674 5290 1.705276
1.102630 5295 1.705276
1.360557 5325 1.688223
1.175843 5340 1.671341
1.286776 5345 1.671341
0.995506 5360 1.671341
1.338394 5375 1.654628
1.265730 5380 1.654628
0.992783 5395 1.654628
1.613251 5405 1.638082
1.599352 5415 1.638082
1.807342 5420 1.638082
1.731337 5425 1.638082
1.350839 5430 1.621701
1.305415 5435 1.621701
2.245310 5445 1.621701
1.730164 5465 1.605484
2.023834 5475 1.605484
1.872138 5495 1.589429
1.095084 5510 1.589429
1.680294 5520 1.573535
1.892717 5530 1.573535
2.094147 5545 1.573535
1.716802 5550 1.557799
1.885000 5555 1.557799
1.421441 5565 1.557799
1.350283 5575 1.557799
1.824113 5590 1.542221
1.902404 5595 1.542221
1.460714 5600 1.542221
1.929684 5605 1.542221
1.560638 5610 1.526799
1.386108 5615 1.526799
1.458501 5620 1.526799
1.661155 5625 1.526799
1.567211 5635 1.526799
1.334092 5650 1.511531
0.991369 5655 1.511531
1.378118 5665 1.511531
2.145086 5670 1.496416
0.872482 5675 1.496416
1.393259 5680 1.496416
2.199611 5690 1.496416
1.239656 5695 1.496416
1.322789 5700 1.481452
1.208872 5720 1.481452
1.511725 5725 1.481452
1.084041 5750 1.466637
1.042826 5755 1.466637
1.078798 5760 1.451971
1.659666 5765 1.451971
0.904293 5770 1.451971
1.344155 5780 1.451971
1.233386 5790 1.437451
1.039093 5800 1.437451
1.225649 5805 1.437451
0.875819 5815 1.437451
0.996956 5825 1.423077
1.247634 5845 1.423077
1.755309 5855 1.408846
1.240331 5865 1.408846
1.010029 5880 1.394758
1.163370 5885 1.394758
1.065468 5890 1.394758
1.171735 5905 1.394758
0.698767 5925 1.380810
1.235394 5935 1.380810
1.087134 5970 1.353332
1.710608 5980 1.353332
1.055608 5985 1.353332
1.334679 5990 1.353332
2.028491 6030 1.326401
1.145770 6035 1.326401
1.601943 6040 1.326401
1.482813 6045 1.326401
0.883901 6050 1.326401
1.303930 6055 1.326401
1.514693 6080 1.313137
1.347907 6085 1.313137
1.607654 6090 1.300005
1.306497 6100 1.300005
1.205346 6105 1.300005
1.317262 6115 1.300005
1.067712 6125 1.287005
1.044903 6135 1.287005
1.479050 6145 1.287005
1.111201 6150 1.274135
1.268325 6155 1.274135
1.584106 6165 1.274135
1.063611 6185 1.261394
1.477753 6210 1.248780
1.574751 6215 1.248780
1.065490 6220 1.248780
1.405439 6225 1.248780
1.701482 6230 1.248780
0.952857 6235 1.248780
1.076854 6240 1.236292
0.798377 6250 1.236292
1.077381 6260 1.236292
1.229662 6265 1.236292
1.050514 6270 1.223929
0.734679 6275 1.223929
1.075162 6280 1.223929
0.805429 6285 1.223929
1.103464 6290 1.223929
0.819995 6295 1.223929
1.209568 6300 1.211690
1.017889 6305 1.211690
0.881417 6315 1.211690
1.716369 6320 1.211690
1.049715 6325 1.211690
1.329018 6335 1.199573
1.401757 6340 1.199573
1.495740 6355 1.199573
1.137559 6360 1.187577
0.879191 6365 1.187577
0.978756 6375 1.187577
1.011583 6390 1.175701
1.134950 6405 1.175701
1.421797 6410 1.175701
1.659205 6425 1.163944
1.067173 6430 1.163944
1.321635 6435 1.163944
1.600700 6445 1.163944
1.146290 6450 1.152305
0.948668 6460 1.152305
1.074813 6470 1.152305
1.130374 6480 1.140782
1.784472 6485 1.140782
1.038807 6490 1.140782
0.844315 6495 1.140782
1.182457 6510 1.129374
0.771033 6515 1.129374
1.009441 6530 1.129374
1.175979 6535 1.129374
0.998535 6540 1.118080
1.238699 6550 1.118080
1.034721 6565 1.118080
0.745197 6570 1.106900
0.994022 6590 1.106900
1.012803 6595 1.106900
1.058813 6610 1.095831
1.954576 6615 1.095831
1.541962 6620 1.095831
1.146557 6625 1.095831
1.061241 6630 1.084872
1.558649 6635 1.084872
1.171957 6645 1.084872
0.944893 6650 1.084872
1.018584 6660 1.074024
1.066851 6680 1.074024
1.073938 6685 1.074024
1.457198 6690 1.063283
1.540442 6695 1.063283
1.003126 6705 1.063283
1.302343 6710 1.063283
1.395412 6715 1.063283
0.876874 6725 1.052650
0.887934 6730 1.052650
1.285375 6735 1.052650
1.478536 6740 1.052650
0.675936 6750 1.042124
0.977964 6755 1.042124
1.905279 6775 1.042124
0.902000 6785 1.031703
1.226776 6790 1.031703
0.924661 6810 1.021386
1.188041 6815 1.021386
0.925408 6820 1.021386
1.101639 6830 1.021386
0.948104 6845 1.011172
1.008973 6850 1.011172
1.331835 6860 1.011172
1.136404 6865 1.011172
1.782403 6870 1.001060
1.515946 6875 1.001060
1.472106 6880 1.001060
1.397580 6890 1.001060
0.929154 6910 0.991050
1.361994 6915 0.991050
1.285581 6925 0.991050
0.970231 6940 0.981139
0.800273 6950 0.981139
1.247860 6960 0.971328
0.890483 6975 0.971328
0.854113 6980 0.971328
0.719910 6990 0.961614
1.194480 6995 0.961614
1.061799 7000 0.961614
1.250969 7005 0.961614
1.209132 7010 0.961614
1.485158 7015 0.961614
0.902201 7030 0.951998
1.076365 7035 0.951998
1.035233 7040 0.951998
1.136785 7050 0.942478
0.866339 7060 0.942478
0.899970 7075 0.942478
0.958988 7090 0.933053
0.812105 7100 0.933053
1.065655 7115 0.923723
0.732821 7120 0.923723
1.044813 7130 0.923723
0.752753 7155 0.914486
0.743998 7170 0.905341
0.826063 7180 0.905341
1.131082 7185 0.905341
0.828885 7190 0.905341
0.639153 7200 0.896288
0.903447 7215 0.896288
0.843672 7220 0.896288
0.704867 7230 0.887325
0.951326 7235 0.887325
0.843512 7240 0.887325
0.852656 7250 0.887325
0.901734 7260 0.878451
0.829780 7270 0.878451
0.804708 7275 0.878451
1.110543 7280 0.878451
0.982410 7290 0.869667
1.853414 7295 0.869667
0.920065 7300 0.869667
1.086726 7315 0.869667
0.863916 7320 0.860970
1.044724 7325 0.860970
1.263519 7335 0.860970
1.222401 7340 0.860970
1.001916 7345 0.860970
1.152378 7355 0.852360
0.944046 7370 0.852360
0.949822 7380 0.843837
0.916456 7385 0.843837
0.916561 7390 0.843837
0.866701 7395 0.843837
0.913747 7400 0.843837
1.038077 7410 0.835399
0.903617 7415 0.835399
0.939894 7420 0.835399
0.829427 7425 0.835399
0.900902 7430 0.835399
0.626333 7440 0.827045
1.173594 7445 0.827045
0.689294 7450 0.827045
0.823787 7465 0.827045
1.018062 7475 0.818774
0.836084 7480 0.818774
0.738571 7490 0.818774
0.658132 7505 0.810586
0.708494 7510 0.810586
0.678467 7515 0.810586
1.100939 7530 0.802481
0.762939 7535 0.802481
0.727676 7540 0.802481
0.736081 7550 0.802481
0.960255 7555 0.802481
0.924597 7560 0.794456
0.963377 7570 0.794456
0.953110 7580 0.794456
0.730514 7585 0.794456
1.165813 7595 0.786511
0.804014 7610 0.786511
1.275835 7620 0.778646
1.031747 7625 0.778646
0.968523 7630 0.778646
1.130855 7635 0.778646
0.854202 7645 0.778646
1.104439 7650 0.770860
0.638539 7660 0.770860
0.957514 7675 0.770860
0.919989 7690 0.763151
0.762440 7695 0.763151
1.288156 7700 0.763151
0.706274 7705 0.763151
0.864032 7710 0.755520
0.704788 7720 0.755520
0.696138 7730 0.755520
0.992339 7765 0.747964
0.796185 7770 0.740485
0.847642 7780 0.740485
0.949375 7785 0.740485
0.953258 7800 0.733080
0.715236 7810 0.733080
0.707330 7815 0.733080
0.793635 7820 0.733080
0.780689 7825 0.733080
0.838334 7830 0.725749
1.207147 7845 0.725749
0.812513 7850 0.725749
0.873640 7855 0.725749
0.926344 7870 0.718492
0.736935 7880 0.718492
0.836733 7885 0.718492
1.629020 7895 0.711307
0.798692 7900 0.711307
0.837751 7910 0.711307
0.842912 7915 0.711307
0.972454 7920 0.704194
0.975987 7925 0.704194
0.860505 7935 0.704194
0.940820 7940 0.704194
0.758251 7950 0.697152
0.845676 7960 0.697152
0.766735 7965 0.697152
1.023157 7975 0.697152
0.864174 7980 0.690180
0.715071 7985 0.690180
0.788515 7990 0.690180
0.782515 8000 0.690180
0.729858 8005 0.690180
0.739645 8010 0.683278
0.856227 8015 0.683278
0.653407 8020 0.683278
0.784189 8030 0.683278
0.725883 8045 0.676446
0.772342 8050 0.676446
1.018453 8055 0.676446
0.914916 8070 0.669681
0.902692 8080 0.669681
0.747225 8085 0.669681
1.111736 8100 0.662984
0.766588 8120 0.662984
0.754113 8130 0.656355
0.696728 8135 0.656355
0.658921 8140 0.656355
0.860792 8145 0.656355
1.211090 8155 0.656355
1.029612 8160 0.649791
1.079650 8165 0.649791
0.754245 8170 0.649791
0.779393 8175 0.649791
0.835135 8185 0.649791
1.246439 8190 0.643293
1.088821 8195 0.643293
0.655884 8215 0.643293
1.061901 8225 0.636860
0.725448 8230 0.636860
0.891854 8235 0.636860
0.777776 8240 0.636860
0.768974 8270 0.630492
0.792810 8290 0.624187
0.749857 8305 0.624187
0.660278 8310 0.617945
0.665438 8315 0.617945
0.887483 8330 0.617945
0.778455 8340 0.611765
0.694316 8345 0.611765
0.657038 8350 0.611765
1.085950 8360 0.611765
0.806631 8365 0.611765
0.795343 8375 0.605648
0.770445 8385 0.605648
0.830885 8395 0.605648
0.825294 8405 0.599591
0.666328 8415 0.599591
0.758515 8430 0.593595
0.924514 8435 0.593595
0.753055 8460 0.587659
0.774556 8470 0.587659
0.609568 8485 0.587659
0.570627 8490 0.581783
0.636109 8495 0.581783
0.558292 8500 0.581783
0.706531 8505 0.581783
0.570950 8510 0.581783
0.742436 8525 0.575965
0.582884 8540 0.575965
0.737734 8550 0.570205
0.693011 8555 0.570205
0.834314 8560 0.570205
0.774436 8580 0.564503
0.620804 8585 0.564503
0.770609 8590 0.564503
0.799516 8600 0.564503
0.751766 8610 0.558858
0.762009 8615 0.558858
0.680516 8635 0.558858
0.764491 8640 0.553270
0.811064 8645 0.553270
0.733306 8660 0.553270
1.163459 8670 0.547737
0.716412 8680 0.547737
0.645354 8685 0.547737
0.639556 8710 0.542260
0.659455 8715 0.542260
0.801617 8725 0.542260
0.747005 8730 0.536837
0.689618 8735 0.536837
0.829077 8750 0.536837
0.853579 8760 0.531469
1.010774 8780 0.531469
0.765239 8785 0.531469
0.740593 8795 0.526154
0.793964 8800 0.526154
0.807715 8805 0.526154
0.728655 8810 0.526154
0.735124 8825 0.520892
1.013039 8840 0.520892
0.673505 8845 0.520892
0.894496 8850 0.515683
0.803801 8855 0.515683
0.855769 8860 0.515683
0.722916 8865 0.515683
0.753189 8875 0.515683
0.770911 8890 0.510527
0.712410 8895 0.510527
0.810013 8900 0.510527
0.717891 8905 0.510527
1.044385 8915 0.505421
0.699807 8920 0.505421
0.650425 8930 0.505421
0.659840 8935 0.505421
0.778453 8940 0.500367
0.687012 8945 0.500367
0.736164 8950 0.500367
0.859249 8965 0.500367
0.750924 8970 0.495363
0.859114 8975 0.495363
0.884467 8980 0.495363
0.843446 8985 0.495363
0.873117 9000 0.490410
0.819049 9010 0.490410
0.813535 9015 0.490410
0.832582 9025 0.490410
1.026832 9030 0.485506
0.777558 9035 0.485506
0.671108 9040 0.485506
0.882138 9045 0.485506
0.775703 9050 0.485506
0.721046 9055 0.485506
0.880898 9060 0.480651
0.985906 9065 0.480651
0.992494 9070 0.480651
0.898441 9075 0.480651
1.065110 9090 0.475844
0.871235 9100 0.475844
0.846628 9105 0.475844
0.973527 9110 0.475844
0.758148 9115 0.475844
1.043779 9125 0.471086
0.882243 9135 0.471086
0.869264 9140 0.471086
0.821567 9145 0.471086
1.106898 9150 0.466375
0.876510 9160 0.466375
0.862249 9170 0.466375
0.837044 9180 0.461711
0.689597 9190 0.461711
0.839573 9195 0.461711
1.058838 9205 0.461711
0.789506 9210 0.457094
0.705017 9225 0.457094
0.836260 9235 0.457094
0.713865 9240 0.452523
0.666587 9245 0.452523
0.790672 9260 0.452523
0.695103 9275 0.447998
0.916646 9285 0.447998
0.844256 9295 0.447998
0.805104 9300 0.443518
0.925675 9315 0.443518
1.032046 9325 0.443518
0.905910 9330 0.439083
0.735249 9335 0.439083
0.979121 9340 0.439083
0.780718 9360 0.434692
0.710557 9365 0.434692
0.932046 9370 0.434692
0.705130 9380 0.434692
0.783378 9390 0.430345
0.595202 9395 0.430345
0.655119 9405 0.430345
0.659823 9415 0.430345
0.781383 9430 0.426042
0.727691 9435 0.426042
0.738606 9440 0.426042
0.803112 9450 0.421781
0.697947 9455 0.421781
0.824933 9480 0.417563
0.645786 9490 0.417563
0.691376 9495 0.417563
0.698628 9500 0.417563
0.700240 9505 0.417563
0.920665 9510 0.413388
0.660570 9515 0.413388
0.617119 9525 0.413388
0.683589 9530 0.413388
0.638947 9535 0.413388
0.638456 9540 0.409254
1.001044 9555 0.409254
0.817192 9560 0.409254
0.906490 9565 0.409254
1.020929 9570 0.405161
0.725511 9575 0.405161
0.861911 9585 0.405161
0.688575 9590 0.405161
0.828921 9600 0.401110
0.717025 9605 0.401110
0.735260 9620 0.401110
0.660110 9625 0.401110
0.739837 9630 0.397099
0.620363 9635 0.397099
0.694207 9645 0.397099
0.660471 9650 0.397099
0.717073 9665 0.393128
0.713477 9680 0.393128
0.638958 9685 0.393128
0.750070 9695 0.389196
0.690874 9705 0.389196
0.651031 9720 0.385304
0.683327 9730 0.385304
0.636971 9735 0.385304
0.645163 9740 0.385304
0.772017 9745 0.385304
0.751700 9750 0.381451
0.721272 9765 0.381451
0.580751 9770 0.381451
0.531296 9775 0.381451
0.706627 9790 0.377637
0.691803 9795 0.377637
0.743733 9830 0.373860
0.648800 9855 0.370122
0.592592 9860 0.370122
0.624491 9870 0.366421
0.541692 9875 0.366421
0.610412 9880 0.366421
0.577522 9895 0.366421
0.734264 9925 0.362756
0.769843 9930 0.359129
0.642018 9940 0.359129
0.758546 9950 0.359129
0.587569 9960 0.355538
0.635991 9975 0.355538
0.592394 9980 0.355538
0.638950 9985 0.355538
0.693202 10045 0.348462
0.716874 10050 0.344978
0.596235 10055 0.344978
0.703098 10060 0.344978
0.865126 10065 0.344978
0.760347 10070 0.344978
0.763252 10080 0.341528
0.727041 10085 0.341528
0.624613 10095 0.341528
0.683865 10100 0.341528
0.643109 10105 0.341528
0.782150 10115 0.338113
0.676678 10125 0.338113
0.693449 10140 0.334732
0.812947 10170 0.331384
0.672069 10185 0.331384
0.719818 10195 0.331384
0.660777 10200 0.328070
0.679814 10205 0.328070
0.671298 10220 0.328070
0.829487 10225 0.328070
0.800112 10230 0.324790
0.732481 10250 0.324790
0.648861 10255 0.324790
0.658194 10260 0.321542
0.774028 10270 0.321542
0.683457 10275 0.321542
0.738950 10280 0.321542
0.645209 10300 0.318326
0.824439 10310 0.318326
0.762586 10315 0.318326
0.728248 10320 0.315143
0.741498 10345 0.315143
0.800665 10350 0.311992
0.797956 10355 0.311992
0.754687 10360 0.311992
0.814738 10365 0.311992
0.792987 10390 0.308872
0.754710 10400 0.308872
0.739383 10410 0.305783
0.722625 10415 0.305783
0.818701 10420 0.305783
0.767876 10430 0.305783
0.727856 10435 0.305783
0.787876 10450 0.302725
0.739400 10455 0.302725
0.690112 10465 0.302725
0.757656 10475 0.299698
0.931762 10490 0.299698
0.817462 10495 0.299698
0.758627 10510 0.296701
0.711631 10515 0.296701
0.762877 10525 0.296701
0.600321 10540 0.293734
0.593279 10545 0.293734
0.946458 10550 0.293734
0.568888 10555 0.293734
0.694528 10560 0.290797
0.637953 10570 0.290797
0.641418 10575 0.290797
0.585798 10590 0.287889
0.703411 10595 0.287889
0.481042 10605 0.287889
0.677713 10630 0.285010
0.589344 10635 0.285010
0.560621 10655 0.282160
0.647233 10665 0.282160
0.602347 10670 0.282160
0.766474 10675 0.282160
0.557823 10685 0.279338
0.542735 10695 0.279338
0.589692 10700 0.279338
0.644019 10710 0.276545
0.518926 10715 0.276545
0.643302 10720 0.276545
0.581035 10725 0.276545
0.689442 10730 0.276545
0.606373 10755 0.273779
0.563993 10765 0.273779
0.660052 10770 0.271042
0.663931 10775 0.271042
0.632402 10780 0.271042
0.641141 10790 0.271042
0.667405 10800 0.268331
0.562128 10810 0.268331
0.711244 10820 0.268331
0.569960 10830 0.265648
0.628976 10840 0.265648
0.561947 10845 0.265648
0.574140 10850 0.265648
0.667897 10865 0.262991
0.765556 10870 0.262991
0.555230 10880 0.262991
0.545099 10885 0.262991
0.588426 10890 0.260361
0.604527 10900 0.260361
0.649933 10905 0.260361
0.587842 10910 0.260361
0.645511 10915 0.260361
0.617311 10920 0.257758
0.646884 10925 0.257758
0.631089 10935 0.257758
0.582977 10950 0.255180
0.652707 10955 0.255180
0.621840 10965 0.255180
0.663869 10975 0.255180
0.667609 10980 0.252628
0.671480 10995 0.252628
0.648613 11000 0.252628
0.601003 11015 0.250102
0.712365 11030 0.250102
0.726816 11035 0.250102
0.681394 11045 0.247601
0.659323 11095 0.245125
0.591264 11105 0.242674
0.582330 11110 0.242674
0.625619 11120 0.242674
0.640853 11130 0.240247
0.639306 11135 0.240247
0.554727 11145 0.240247
0.638360 11150 0.240247
0.615516 11160 0.237845
0.650289 11165 0.237845
0.544892 11170 0.237845
0.509893 11175 0.237845
0.639266 11195 0.235466
0.522613 11200 0.235466
0.565873 11210 0.235466
0.630723 11230 0.233112
0.691044 11245 0.233112
0.634159 11255 0.230780
0.689695 11265 0.230780
0.606761 11270 0.230780
0.537545 11280 0.228473
0.578381 11285 0.228473
0.608073 11295 0.228473
0.596156 11310 0.226188
0.717648 11315 0.226188
0.655896 11330 0.226188
0.715694 11340 0.223926
0.544319 11355 0.223926
0.550769 11370 0.221687
0.700111 11380 0.221687
0.609126 11415 0.219470
0.598230 11425 0.219470
0.690954 11435 0.217275
0.625313 11440 0.217275
0.542397 11445 0.217275
0.577930 11450 0.217275
0.596790 11455 0.217275
0.599596 11465 0.215102
0.580150 11480 0.215102
0.555148 11495 0.212951
0.625473 11505 0.212951
0.598309 11510 0.212951
0.589019 11520 0.210822
0.635336 11525 0.210822
0.598875 11540 0.210822
0.536768 11555 0.208714
0.636637 11560 0.208714
0.512138 11565 0.208714
0.577352 11575 0.208714
0.594472 11580 0.206627
0.580856 11585 0.206627
0.632077 11600 0.206627
0.630531 11605 0.206627
0.533531 11625 0.204560
0.570738 11635 0.204560
0.502047 11655 0.202515
0.551721 11675 0.200490
0.547200 11680 0.200490
0.602767 11685 0.200490
0.653021 11695 0.200490
0.528135 11700 0.198485
0.537636 11710 0.198485
0.618442 11715 0.198485
0.632411 11720 0.198485
0.606525 11725 0.198485
0.657651 11745 0.196500
0.615203 11760 0.194535
0.588913 11765 0.194535
0.609368 11775 0.194535
0.644431 11785 0.194535
0.526895 11790 0.192589
0.507913 11810 0.192589
0.584596 11825 0.190664
0.549682 11830 0.190664
0.590473 11850 0.188757
0.566538 11860 0.188757
0.609631 11865 0.188757
0.494452 11885 0.186869
0.546234 11890 0.186869
0.504569 11895 0.186869
0.514913 11900 0.186869
0.623349 11905 0.186869
0.475596 11910 0.185001
0.588948 11920 0.185001
0.564909 11925 0.185001
0.498412 11930 0.185001
0.508839 11935 0.185001
0.541323 11940 0.183151
0.545626 11945 0.183151
0.534211 11950 0.183151
0.527272 11965 0.183151
0.493653 11970 0.181319
0.556877 11975 0.181319
0.515085 11980 0.181319
0.542622 12005 0.179506
0.616426 12015 0.179506
0.633138 12020 0.179506
0.578590 12035 0.177711
0.547135 12045 0.177711
0.481681 12050 0.177711
0.486737 12055 0.177711
0.610800 12070 0.175934
0.494763 12075 0.175934
0.497437 12080 0.175934
0.547155 12090 0.174174
0.557899 12095 0.174174
0.502650 12110 0.174174
0.530115 12145 0.172433
0.531484 12150 0.170708
0.470972 12165 0.170708
0.589447 12170 0.170708
0.463529 12185 0.169001
0.490137 12190 0.169001
0.541421 12200 0.169001
0.494079 12210 0.167311
0.508085 12225 0.167311
0.542961 12240 0.165638
0.537376 12255 0.165638
0.516392 12265 0.165638
0.551402 12285 0.163982
0.541873 12295 0.163982
0.592939 12305 0.162342
0.689080 12310 0.162342
0.615271 12320 0.162342
0.493427 12325 0.162342
0.548005 12330 0.160719
0.512360 12340 0.160719
0.473382 12350 0.160719
0.504868 12370 0.159111
0.570219 12375 0.159111
0.467581 12385 0.159111
0.502301 12390 0.157520
0.517854 12400 0.157520
0.521656 12405 0.157520
0.519472 12415 0.157520
0.507309 12420 0.155945
0.535130 12430 0.155945
0.536320 12435 0.155945
0.513556 12440 0.155945
0.486341 12455 0.154386
0.545882 12465 0.154386
0.476827 12475 0.154386
0.467503 12495 0.152842
0.459028 12500 0.152842
0.544257 12505 0.152842
0.538424 12515 0.151313
0.612151 12520 0.151313
0.499567 12535 0.151313
0.558539 12540 0.149800
0.503369 12545 0.149800
0.468263 12555 0.149800
0.511292 12560 0.149800
0.557608 12565 0.149800
0.529359 12585 0.148302
0.530120 12590 0.148302
0.541226 12595 0.148302
0.506710 12600 0.146819
0.587604 12605 0.146819
0.538023 12615 0.146819
0.527801 12635 0.145351
0.456698 12640 0.145351
0.549836 12675 0.143898
0.515634 12680 0.143898
0.485610 12685 0.143898
0.508965 12690 0.142459
0.503143 12695 0.142459
0.478468 12715 0.142459
0.537526 12725 0.141034
0.521338 12730 0.141034
0.500275 12735 0.141034
0.508473 12745 0.141034
0.517438 12765 0.139624
0.561399 12770 0.139624
0.547912 12780 0.138227
0.471333 12805 0.138227
0.470087 12815 0.136845
0.515695 12820 0.136845
0.480144 12825 0.136845
0.550014 12830 0.136845
0.496512 12835 0.136845
0.474329 12840 0.135477
0.495399 12850 0.135477
0.512134 12855 0.135477
0.521883 12865 0.135477
0.573025 12880 0.134122
0.501421 12885 0.134122
0.478393 12890 0.134122
0.510868 12895 0.134122
0.493979 12905 0.132781
0.479455 12915 0.132781
0.494360 12925 0.132781
0.548010 12940 0.131453
0.451084 12950 0.131453
0.468815 12960 0.130138
0.456586 12970 0.130138
0.493804 12975 0.130138
0.446679 12980 0.130138
0.508325 12985 0.130138
0.482832 12990 0.128837
0.450589 12995 0.128837
0.504101 13005 0.128837
0.467346 13010 0.128837
0.527763 13020 0.127549
0.463184 13030 0.127549
0.501161 13035 0.127549
0.482063 13045 0.127549
0.516782 13055 0.126273
0.469417 13060 0.126273
0.491392 13070 0.126273
0.457644 13075 0.126273
0.469182 13100 0.125010
0.511992 13105 0.125010
0.459279 13110 0.123760
0.496709 13135 0.123760
0.515716 13140 0.122523
0.522246 13145 0.122523
0.531467 13165 0.122523
0.481100 13175 0.121297
0.520100 13185 0.121297
0.463179 13200 0.120084
0.463804 13230 0.118884
0.460600 13245 0.118884
0.499477 13250 0.118884
0.497491 13255 0.118884
0.464288 13265 0.117695
0.459441 13275 0.117695
0.455098 13280 0.117695
0.513092 13290 0.116518
0.470913 13295 0.116518
0.497638 13300 0.116518
0.472598 13310 0.116518
0.481959 13320 0.115353
0.454086 13325 0.115353
0.504669 13340 0.115353
0.496183 13345 0.115353
0.473991 13350 0.114199
0.452102 13355 0.114199
0.457779 13365 0.114199
0.466733 13370 0.114199
0.484173 13375 0.114199
0.463762 13390 0.113057
0.451956 13395 0.113057
0.463612 13400 0.113057
0.470630 13410 0.111927
0.497767 13425 0.111927
0.496883 13450 0.110807
0.495401 13460 0.110807
0.508225 13475 0.109699
0.493611 13480 0.109699
0.471039 13485 0.109699
0.464945 13490 0.109699
0.469398 13505 0.108602
0.482737 13515 0.108602
0.474245 13530 0.107516
0.474786 13535 0.107516
0.484357 13550 0.107516
0.460994 13565 0.106441
0.500145 13580 0.106441
0.461201 13590 0.105377
0.462435 13595 0.105377
0.508786 13610 0.105377
0.466169 13620 0.104323
0.517208 13625 0.104323
0.481877 13630 0.104323
0.485202 13640 0.104323
0.483538 13645 0.104323
0.461489 13655 0.103280
0.477728 13665 0.103280
0.443864 13680 0.102247
0.471139 13685 0.102247
0.509604 13705 0.102247
0.480641 13715 0.101224
0.471517 13730 0.101224
0.457609 13740 0.100212
0.452490 13745 0.100212
0.459775 13755 0.100212
0.542051 13770 0.099210
0.472535 13780 0.099210
0.461255 13790 0.099210
0.472180 13795 0.099210
0.473385 13810 0.098218
0.483585 13815 0.098218
0.465931 13825 0.098218
0.453660 13830 0.097236
0.508565 13835 0.097236
0.465878 13840 0.097236
0.457893 13850 0.097236
0.468000 13860 0.096263
0.499138 13865 0.096263
0.537317 13875 0.096263
0.514955 13880 0.096263
0.501859 13895 0.095301
0.527398 13905 0.095301
0.523534 13910 0.095301
0.483256 13915 0.095301
0.495121 13920 0.094348
0.530472 13930 0.094348
0.490593 13935 0.094348
0.477477 13950 0.093404
0.471570 13960 0.093404
0.454365 13965 0.093404
0.463201 13970 0.093404
0.471858 13990 0.092470
0.489677 13995 0.092470
0.476129 14005 0.092470
0.462449 14015 0.091546
0.480242 14025 0.091546
0.451785 14030 0.091546
0.497429 14035 0.091546
0.472783 14045 0.090630
0.449753 14050 0.090630
0.460231 14060 0.090630
0.497107 14070 0.089724
0.463250 14075 0.089724
0.455228 14080 0.089724
0.472297 14090 0.089724
0.460539 14105 0.088827
0.481320 14110 0.088827
0.487423 14115 0.088827
0.465095 14125 0.088827
0.478818 14135 0.087938
0.509008 14140 0.087938
0.472105 14150 0.087938
0.520385 14155 0.087938
0.527716 14160 0.087059
0.472505 14170 0.087059
0.468164 14175 0.087059
0.477687 14185 0.087059
0.462876 14190 0.086188
0.467583 14205 0.086188
0.452972 14215 0.086188
0.479784 14220 0.085326
0.451773 14225 0.085326
0.479497 14230 0.085326
0.474140 14240 0.085326
0.455048 14245 0.085326
0.472572 14255 0.084473
0.486362 14275 0.084473
0.477476 14280 0.083628
0.490676 14290 0.083628
0.476944 14300 0.083628
0.520400 14310 0.082792
0.502140 14315 0.082792
0.487863 14325 0.082792
0.473168 14330 0.082792
0.443289 14335 0.082792
0.497472 14355 0.081964
0.470597 14370 0.081145
0.456767 14385 0.081145
0.508413 14400 0.080333
0.472401 14410 0.080333
0.502377 14415 0.080333
0.487996 14425 0.080333
0.485068 14435 0.079530
0.474086 14440 0.079530
0.466390 14445 0.079530
0.473441 14450 0.079530
0.494145 14455 0.079530
0.493797 14465 0.078735
0.467933 14470 0.078735
0.461136 14475 0.078735
0.516820 14485 0.078735
0.465000 14510 0.077947
0.475887 14515 0.077947
0.464713 14520 0.077168
0.475492 14525 0.077168
0.466683 14535 0.077168
0.514955 14540 0.077168
0.523554 14545 0.077168
0.486729 14565 0.076396
0.488497 14570 0.076396
0.465132 14580 0.075632
0.457518 14595 0.075632
0.469316 14605 0.075632
0.476170 14610 0.074876
0.486126 14615 0.074876
0.481265 14625 0.074876
0.456744 14635 0.074876
0.458586 14645 0.074127
0.486479 14660 0.074127
0.468077 14675 0.073386
0.459619 14700 0.072652
0.469426 14710 0.072652
0.485573 14740 0.071925
0.461565 14755 0.071925
0.475577 14775 0.071206
0.464295 14805 0.070494
0.450620 14810 0.070494
0.461641 14820 0.069789
0.484279 14825 0.069789
0.472255 14830 0.069789
0.454521 14840 0.069789
0.462278 14845 0.069789
0.475628 14855 0.069091
0.464813 14865 0.069091
0.490132 14875 0.069091
0.465246 14885 0.068400
0.498521 14890 0.068400
0.472446 14900 0.068400
0.465733 14905 0.068400
0.484707 14915 0.067716
0.478932 14920 0.067716
0.481580 14930 0.067716
0.507798 14940 0.067039
0.470634 14950 0.067039
0.516826 14955 0.067039
0.525905 14960 0.067039
0.500263 14965 0.067039
0.470598 14970 0.066369
0.462498 14995 0.066369
0.479973 15000 0.065705
0.524003 15005 0.065705
0.461653 15020 0.065705
0.454947 15035 0.065048
0.475211 15050 0.065048
0.473773 15055 0.065048
0.474915 15060 0.064398
0.453177 15065 0.064398
0.472404 15070 0.064398
0.495290 15080 0.064398
0.489612 15085 0.064398
0.465745 15090 0.063754
0.480349 15100 0.063754
0.471548 15110 0.063754
0.465028 15115 0.063754
0.470095 15120 0.063116
0.499745 15125 0.063116
0.459255 15130 0.063116
0.456975 15135 0.063116
0.479918 15140 0.063116
0.467503 15160 0.062485
0.472516 15165 0.062485
0.497758 15170 0.062485
0.506543 15175 0.062485
0.457411 15180 0.061860
0.475549 15185 0.061860
0.493923 15195 0.061860
0.487739 15205 0.061860
0.508760 15210 0.061241
0.461085 15215 0.061241
0.485807 15220 0.061241
0.485483 15240 0.060629
0.500038 15245 0.060629
0.465433 15255 0.060629
0.477361 15290 0.060023
0.461796 15295 0.060023
0.471457 15300 0.059422
0.461522 15325 0.059422
0.468965 15335 0.058828
0.489620 15345 0.058828
0.476409 15355 0.058828
0.473390 15360 0.058240
0.478012 15375 0.058240
0.495644 15385 0.058240
0.474186 15395 0.057658
0.509169 15400 0.057658
0.464626 15405 0.057658
0.482670 15410 0.057658
0.490955 15420 0.057081
0.487578 15430 0.057081
0.488502 15440 0.057081
0.486194 15460 0.056510
0.510056 15475 0.056510
0.506742 15485 0.055945
0.499778 15495 0.055945
0.487354 15500 0.055945
0.494309 15505 0.055945
0.509252 15510 0.055386
0.476846 15520 0.055386
0.503768 15530 0.055386
0.484195 15535 0.055386
0.477036 15540 0.054832
0.472816 15545 0.054832
0.467797 15550 0.054832
0.464176 15555 0.054832
0.493161 15570 0.054283
0.486797 15575 0.054283
0.470768 15615 0.053741
0.463384 15620 0.053741
0.461512 15625 0.053741
0.464204 15630 0.053203
0.459380 15650 0.053203
0.455886 15655 0.053203
0.484645 15670 0.052671
0.471321 15675 0.052671
0.477672 15680 0.052671
0.464062 15685 0.052671
0.457690 15695 0.052144
0.474611 15700 0.052144
0.459582 15705 0.052144
0.472236 15710 0.052144
0.455840 15715 0.052144
0.449927 15720 0.051623
0.458780 15725 0.051623
0.460333 15730 0.051623
0.455945 15735 0.051623
0.471240 15745 0.051623
0.460427 15750 0.051107
0.497690 15760 0.051107
0.505723 15800 0.050596
0.458979 15825 0.050090
0.463838 15840 0.049589
0.476504 15845 0.049589
0.477553 15850 0.049589
0.462759 15865 0.049589
0.481529 15875 0.049093
0.463689 15880 0.049093
0.474435 15885 0.049093
0.487868 15890 0.049093
0.455789 15905 0.048602
0.451006 15915 0.048602
0.449453 15920 0.048602
0.455453 15925 0.048602
0.466191 15935 0.048116
0.469355 15945 0.048116
0.480496 15965 0.047635
0.466158 15975 0.047635
0.485621 15980 0.047635
0.491733 15990 0.047159
0.472477 15995 0.047159
0.464424 16000 0.047159
0.477720 16005 0.047159
0.484222 16010 0.047159
0.479892 16030 0.046687
0.442510 16035 0.046687
0.470221 16045 0.046687
0.451758 16070 0.046220
0.451564 16075 0.046220
0.448637 16085 0.045758
0.490241 16095 0.045758
0.449931 16105 0.045758
0.463844 16125 0.045300
0.448541 16135 0.045300
0.443233 16140 0.044847
0.465427 16150 0.044847
0.477327 16155 0.044847
0.453139 16160 0.044847
0.451507 16170 0.044399
0.473936 16195 0.044399
0.445081 16200 0.043955
0.486184 16205 0.043955
0.453780 16210 0.043955
0.443333 16215 0.043955
0.439616 16220 0.043955
0.451150 16230 0.043515
0.460995 16240 0.043515
0.446671 16245 0.043515
0.443567 16260 0.043080
0.474419 16265 0.043080
0.453966 16275 0.043080
0.446725 16290 0.042649
0.453019 16295 0.042649
0.449100 16300 0.042649
0.443542 16315 0.042649
0.441346 16355 0.041801
0.439832 16360 0.041801
0.451749 16365 0.041801
0.459281 16380 0.041383
0.471004 16385 0.041383
0.458728 16390 0.041383
0.464147 16405 0.041383
0.459889 16415 0.040969
0.442692 16425 0.040969
0.450570 16435 0.040969
0.464877 16450 0.040559
0.451740 16460 0.040559
0.449265 16465 0.040559
0.460075 16480 0.040154
0.454154 16485 0.040154
0.438635 16490 0.040154
0.464470 16500 0.039752
0.437873 16510 0.039752
0.457448 16520 0.039752
0.442110 16530 0.039354
0.458899 16535 0.039354
0.447539 16540 0.039354
0.451831 16545 0.039354
0.449032 16550 0.039354
0.454660 16555 0.039354
0.445868 16565 0.038961
0.445156 16575 0.038961
0.457664 16580 0.038961
0.437384 16590 0.038571
0.456197 16595 0.038571
0.452933 16615 0.038571
0.465000 16620 0.038186
0.437194 16625 0.038186
0.442313 16635 0.038186
0.442136 16640 0.038186
0.447451 16645 0.038186
0.456480 16655 0.037804
0.455128 16660 0.037804
0.463104 16665 0.037804
0.444852 16670 0.037804
0.452915 16680 0.037426
0.439628 16705 0.037426
0.440993 16715 0.037051
0.441009 16720 0.037051
0.447429 16735 0.037051
0.445133 16750 0.036681
0.450056 16755 0.036681
0.468392 16775 0.036314
0.445236 16805 0.035951
0.453993 16810 0.035951
0.448064 16815 0.035951
0.449615 16830 0.035591
0.450123 16845 0.035591
0.434142 16870 0.035236
0.449119 16890 0.034883
0.458790 16895 0.034883
0.448355 16900 0.034883
0.447518 16920 0.034534
0.444064 16925 0.034534
0.440036 16930 0.034534
0.443856 16935 0.034534
0.445719 16955 0.034189
0.442150 16960 0.034189
0.437265 16965 0.034189
0.458863 16975 0.034189
0.440078 16985 0.033847
0.465628 16990 0.033847
0.447080 16995 0.033847
0.434787 17000 0.033847
0.449923 17010 0.033509
0.448762 17015 0.033509
0.469144 17055 0.033174
0.447450 17060 0.033174
0.449786 17065 0.033174
0.452403 17070 0.032842
0.449051 17075 0.032842
0.455467 17080 0.032842
0.450987 17085 0.032842
0.447159 17100 0.032513
0.451970 17110 0.032513
0.449113 17130 0.032188
0.447346 17140 0.032188
0.449264 17145 0.032188
0.446285 17150 0.032188
0.452428 17160 0.031866
0.451629 17180 0.031866
0.469520 17185 0.031866
0.448803 17190 0.031548
0.455137 17200 0.031548
0.460805 17205 0.031548
0.451778 17210 0.031548
0.457298 17215 0.031548
0.453702 17220 0.031232
0.452215 17225 0.031232
0.462518 17255 0.030920
0.457845 17260 0.030920
0.477759 17265 0.030920
0.448346 17270 0.030920
0.459982 17275 0.030920
0.466864 17280 0.030611
0.454936 17295 0.030611
0.470910 17300 0.030611
0.471025 17315 0.030305
0.454801 17335 0.030305
0.463181 17345 0.030002
0.440636 17350 0.030002
0.442367 17355 0.030002
0.448669 17365 0.030002
0.453043 17370 0.029702
0.436788 17375 0.029702
0.447463 17385 0.029702
0.445457 17425 0.029405
0.451797 17435 0.029111
0.451914 17460 0.028819
0.443930 17475 0.028819
0.438142 17480 0.028819
0.454344 17490 0.028531
0.456216 17495 0.028531
0.454028 17510 0.028531
0.455671 17515 0.028531
0.451640 17520 0.028246
0.456506 17525 0.028246
0.442093 17530 0.028246
0.469282 17535 0.028246
0.441511 17540 0.028246
0.454915 17545 0.028246
0.459204 17555 0.027963
0.469154 17560 0.027963
0.456802 17565 0.027963
0.461848 17570 0.027963
0.446750 17575 0.027963
0.456015 17580 0.027684
0.450808 17600 0.027684
0.453888 17605 0.027684
0.461763 17610 0.027407
0.441922 17615 0.027407
0.440097 17625 0.027407
0.450060 17630 0.027407
0.454457 17635 0.027407
0.444026 17645 0.027133
0.447449 17650 0.027133
0.441303 17655 0.027133
0.450632 17680 0.026862
0.438894 17685 0.026862
0.450444 17700 0.026593
0.438183 17720 0.026593
0.459629 17725 0.026593
0.452743 17755 0.026327
0.455607 17765 0.026064
0.451108 17780 0.026064
0.438829 17785 0.026064
0.443636 17810 0.025803
0.447814 17815 0.025803
0.447659 17825 0.025545
0.443976 17835 0.025545
0.452660 17845 0.025545
0.445660 17865 0.025290
0.462124 17870 0.025290
0.464099 17880 0.025037
0.460791 17890 0.025037
0.450768 17900 0.025037
0.456070 17905 0.025037
0.447322 17910 0.024786
0.449124 17915 0.024786
0.442302 17925 0.024786
0.446868 17935 0.024786
0.445418 17940 0.024539
0.457350 17945 0.024539
0.462841 17950 0.024539
0.448940 17955 0.024539
0.456075 17965 0.024539
0.445467 17970 0.024293
0.447208 17980 0.024293
0.458480 17995 0.024293
0.445257 18010 0.024050
0.445842 18015 0.024050
0.444841 18020 0.024050
0.438754 18025 0.024050
0.447397 18030 0.023810
0.445293 18040 0.023810
0.451096 18045 0.023810
0.442364 18050 0.023810
0.440666 18060 0.023572
0.439633 18065 0.023572
0.438951 18070 0.023572
0.444085 18080 0.023572
0.447231 18090 0.023336
0.442822 18100 0.023336
0.440952 18105 0.023336
0.446323 18110 0.023336
0.446490 18120 0.023103
0.440432 18130 0.023103
0.451755 18140 0.023103
0.449109 18155 0.022871
0.449119 18165 0.022871
0.451091 18175 0.022871
0.440693 18180 0.022643
0.454814 18185 0.022643
0.449466 18190 0.022643
0.441294 18200 0.022643
0.451860 18210 0.022416
0.443902 18235 0.022416
0.441760 18240 0.022192
0.443935 18245 0.022192
0.453964 18255 0.022192
0.448594 18265 0.022192
0.445052 18270 0.021970
0.446533 18280 0.021970
0.452578 18300 0.021751
0.439421 18305 0.021751
0.440457 18310 0.021751
0.448439 18315 0.021751
0.445228 18320 0.021751
0.458189 18325 0.021751
0.448784 18330 0.021533
0.440751 18345 0.021533
0.441966 18355 0.021533
0.450761 18365 0.021318
0.450715 18370 0.021318
0.442747 18385 0.021318
0.448347 18390 0.021105
0.451070 18395 0.021105
0.451821 18405 0.021105
0.468138 18420 0.020894
0.441780 18430 0.020894
0.442548 18440 0.020894
0.457249 18450 0.020685
0.449279 18465 0.020685
0.450619 18470 0.020685
0.448953 18475 0.020685
0.445107 18485 0.020478
0.443340 18495 0.020478
0.448149 18505 0.020478
0.441704 18515 0.020273
0.439806 18520 0.020273
0.447895 18525 0.020273
0.452414 18530 0.020273
0.440688 18535 0.020273
0.444065 18540 0.020070
0.447373 18545 0.020070
0.442667 18555 0.020070
0.443141 18560 0.020070
0.443173 18570 0.019870
0.449639 18575 0.019870
0.445999 18580 0.019870
0.443479 18590 0.019870
0.438101 18600 0.019671
0.448881 18610 0.019671
0.442564 18615 0.019671
0.441486 18630 0.019474
0.445362 18635 0.019474
0.444063 18645 0.019474
0.438746 18650 0.019474
0.449261 18655 0.019474
0.438441 18660 0.019279
0.447855 18685 0.019279
0.441368 18695 0.019087
0.436178 18710 0.019087
0.443534 18715 0.019087
0.437919 18720 0.018896
0.442375 18735 0.018896
0.440422 18745 0.018896
0.440030 18750 0.018707
0.440925 18755 0.018707
0.441542 18765 0.018707
0.447292 18770 0.018707
0.440298 18780 0.018520
0.450556 18785 0.018520
0.445017 18790 0.018520
0.442095 18800 0.018520
0.438778 18830 0.018334
0.444092 18835 0.018334
0.453675 18840 0.018151
0.451963 18845 0.018151
0.452662 18855 0.018151
0.447529 18860 0.018151
0.447631 18865 0.018151
0.452100 18880 0.017970
0.452619 18885 0.017970
0.437987 18890 0.017970
0.435015 18895 0.017970
0.437655 18900 0.017790
0.460800 18905 0.017790
0.437011 18910 0.017790
0.446410 18915 0.017790
0.439270 18920 0.017790
0.446127 18925 0.017790
0.446617 18935 0.017612
0.443514 18940 0.017612
0.452225 18945 0.017612
0.440904 18950 0.017612
0.445859 18955 0.017612
0.444124 18960 0.017436
0.442223 18970 0.017436
0.439965 18975 0.017436
0.441952 18985 0.017436
0.441677 19000 0.017262
0.445154 19010 0.017262
0.444801 19020 0.017089
0.440789 19035 0.017089
0.441811 19040 0.017089
0.447323 19045 0.017089
0.438845 19050 0.016918
0.448544 19060 0.016918
0.444960 19065 0.016918
0.442725 19075 0.016918
0.444640 19080 0.016749
0.443833 19085 0.016749
0.439790 19090 0.016749
0.447487 19095 0.016749
0.439703 19100 0.016749
0.437214 19105 0.016749
0.443514 19125 0.016581
0.442820 19135 0.016581
0.439030 19140 0.016416
0.438553 19145 0.016416
0.452580 19150 0.016416
0.455050 19155 0.016416
0.434764 19160 0.016416
0.440682 19170 0.016251
0.438258 19180 0.016251
0.434817 19185 0.016251
0.445502 19190 0.016251
0.438931 19195 0.016251
0.435402 19200 0.016089
0.439547 19205 0.016089
0.445623 19215 0.016089
0.449405 19220 0.016089
0.442448 19225 0.016089
0.446862 19245 0.015928
0.442570 19255 0.015928
0.439456 19265 0.015769
0.440951 19270 0.015769
0.438319 19275 0.015769
0.443221 19290 0.015611
0.438020 19305 0.015611
0.437490 19310 0.015611
0.438415 19320 0.015455
0.444277 19325 0.015455
0.437988 19330 0.015455
0.440245 19335 0.015455
0.439573 19340 0.015455
0.443413 19355 0.015300
0.438908 19365 0.015300
0.438346 19375 0.015300
0.443110 19405 0.015147
0.446147 19410 0.014996
0.444463 19425 0.014996
0.441952 19430 0.014996
0.448386 19435 0.014996
0.445654 19445 0.014846
0.440141 19450 0.014846
0.439458 19455 0.014846
0.439341 19465 0.014846
0.440680 19475 0.014697
0.435542 19490 0.014697
0.441692 19500 0.014551
0.446751 19505 0.014551
0.441501 19510 0.014551
0.447375 19515 0.014551
0.441164 19520 0.014551
0.443408 19535 0.014405
0.447451 19540 0.014405
0.436132 19550 0.014405
0.438366 19560 0.014261
0.436937 19575 0.014261
0.437054 19580 0.014261
0.440173 19595 0.014118
0.446531 19605 0.014118
0.444577 19610 0.014118
0.444882 19615 0.014118
0.439037 19620 0.013977
0.442777 19630 0.013977
0.439491 19640 0.013977
0.437764 19650 0.013837
0.438505 19655 0.013837
0.440433 19680 0.013699
0.444639 19690 0.013699
0.440633 19695 0.013699
0.442472 19710 0.013562
0.439019 19715 0.013562
0.438884 19725 0.013562
0.438759 19735 0.013562
0.438753 19740 0.013426
0.441470 19755 0.013426
0.434914 19760 0.013426
0.439596 19770 0.013292
0.439112 19775 0.013292
0.438904 19785 0.013292
0.439026 19810 0.013159
0.435866 19825 0.013159
0.445468 19840 0.013028
0.437861 19845 0.013028
0.448643 19850 0.013028
0.439068 19855 0.013028
0.439323 19870 0.012897
0.447873 19880 0.012897
0.445593 19885 0.012897
0.443112 19900 0.012768
0.442134 19910 0.012768
0.449393 19915 0.012768
0.446239 19920 0.012641
0.437225 19930 0.012641
0.441219 19935 0.012641
0.439320 19960 0.012514
0.439531 19965 0.012514
0.436334 19980 0.012389
0.437359 19995 0.012389
0.442872 20005 0.012389
0.436158 20010 0.012265
0.443308 20015 0.012265
0.437810 20020 0.012265
0.440085 20050 0.012143
0.435806 20060 0.012143
0.440737 20065 0.012143
0.441050 20080 0.012021
0.434200 20105 0.011901
0.437959 20110 0.011901
0.442009 20120 0.011901
0.438265 20125 0.011901
0.438168 20130 0.011782
0.440518 20140 0.011782
0.448561 20150 0.011782
0.445463 20155 0.011782
0.441719 20180 0.011664
0.445061 20195 0.011548
0.434963 20215 0.011548
0.436479 20225 0.011432
0.437536 20230 0.011432
0.439557 20235 0.011432
0.445779 20240 0.011432
0.440168 20245 0.011432
0.438532 20250 0.011318
0.439036 20265 0.011318
0.435884 20270 0.011318
0.435648 20275 0.011318
0.438545 20280 0.011205
0.442293 20290 0.011205
0.440846 20295 0.011205
0.442417 20305 0.011205
0.439624 20315 0.011092
0.439211 20330 0.011092
0.440338 20345 0.010982
0.439227 20350 0.010982
0.435864 20355 0.010982
0.439557 20360 0.010982
0.439600 20365 0.010982
0.436169 20380 0.010872
0.440181 20410 0.010763
0.436391 20415 0.010763
0.438706 20420 0.010763
0.434836 20425 0.010763
0.434289 20430 0.010655
0.435868 20445 0.010655
0.440215 20450 0.010655
0.440048 20460 0.010549
0.438276 20470 0.010549
0.437474 20475 0.010549
0.434512 20480 0.010549
0.436126 20485 0.010549
0.438629 20490 0.010443
0.434182 20495 0.010443
0.435548 20500 0.010443
0.439940 20505 0.010443
0.436330 20510 0.010443
0.441298 20525 0.010339
0.446689 20530 0.010339
0.437523 20535 0.010339
0.444759 20545 0.010339
0.439423 20550 0.010236
0.443480 20560 0.010236
0.436896 20565 0.010236
0.439287 20570 0.010236
0.437522 20575 0.010236
0.437165 20580 0.010133
0.441598 20585 0.010133
0.440622 20595 0.010133
0.438808 20600 0.010133
0.437120 20605 0.010133
0.435646 20615 0.010032
0.436758 20620 0.010032
0.439135 20625 0.010032
0.433871 20645 0.009932
0.436310 20650 0.009932
0.435601 20655 0.009932
0.438965 20660 0.009932
0.440120 20670 0.009832
0.439411 20675 0.009832
0.437804 20685 0.009832
0.437247 20690 0.009832
0.435948 20705 0.009734
0.441068 20720 0.009734
0.435730 20725 0.009734
0.436661 20730 0.009637
0.436964 20735 0.009637
0.442326 20745 0.009637
0.436497 20750 0.009637
0.446001 20755 0.009637
0.436772 20760 0.009540
0.440650 20770 0.009540
0.436413 20775 0.009540
0.442116 20785 0.009540
0.445076 20790 0.009445
0.444831 20795 0.009445
0.444363 20800 0.009445
0.444233 20805 0.009445
0.444490 20810 0.009445
0.440751 20815 0.009445
0.443538 20820 0.009350
0.444644 20830 0.009350
0.441520 20840 0.009350
0.448312 20845 0.009350
0.448049 20850 0.009257
0.440984 20865 0.009257
0.442533 20880 0.009164
0.443374 20885 0.009164
0.441943 20890 0.009164
0.437945 20900 0.009164
0.437567 20905 0.009164
0.441605 20930 0.009073
0.433906 20935 0.009073
0.434952 20940 0.008982
0.435677 20945 0.008982
0.439358 20950 0.008982
0.442225 20955 0.008982
0.436933 20960 0.008982
0.437450 20995 0.008892
0.436238 21000 0.008803
0.435297 21005 0.008803
0.437746 21015 0.008803
0.439460 21025 0.008803
0.436995 21030 0.008715
0.438363 21035 0.008715
0.436993 21040 0.008715
0.435674 21055 0.008715
0.435581 21060 0.008628
0.435649 21070 0.008628
0.434109 21075 0.008628
0.439249 21080 0.008628
0.440030 21085 0.008628
0.433453 21095 0.008542
0.436348 21100 0.008542
0.434933 21105 0.008542
0.439176 21110 0.008542
0.434275 21120 0.008456
0.436212 21130 0.008456
0.438342 21135 0.008456
0.440607 21145 0.008456
0.439671 21150 0.008372
0.437551 21160 0.008372
0.436413 21165 0.008372
0.435044 21170 0.008372
0.435886 21175 0.008372
0.439722 21180 0.008288
0.438059 21190 0.008288
0.437537 21195 0.008288
0.435227 21200 0.008288
0.436802 21205 0.008288
0.434567 21210 0.008205
0.438967 21225 0.008205
0.439405 21230 0.008205
0.439718 21245 0.008123
0.437552 21250 0.008123
0.437121 21255 0.008123
0.439828 21260 0.008123
0.440954 21265 0.008123
0.441217 21270 0.008042
0.441062 21280 0.008042
0.439299 21285 0.008042
0.437473 21295 0.008042
0.435943 21300 0.007961
0.441162 21305 0.007961
0.434400 21315 0.007961
0.437238 21320 0.007961
0.438625 21330 0.007882
0.435914 21345 0.007882
0.438116 21350 0.007882
0.434593 21370 0.007803
0.440024 21375 0.007803
0.435506 21385 0.007803
0.434570 21390 0.007725
0.434808 21395 0.007725
0.437606 21405 0.007725
0.436990 21410 0.007725
0.434484 21420 0.007648
0.434820 21430 0.007648
0.436634 21435 0.007648
0.438396 21440 0.007648
0.436415 21455 0.007571
0.436224 21475 0.007571
0.434846 21480 0.007496
0.435417 21485 0.007496
0.435479 21490 0.007496
0.435631 21510 0.007421
0.436156 21525 0.007421
0.438144 21540 0.007346
0.436094 21545 0.007346
0.438682 21550 0.007346
0.435162 21565 0.007346
0.436177 21575 0.007273
0.437210 21580 0.007273
0.438652 21590 0.007273
0.437607 21595 0.007273
0.436527 21605 0.007200
0.436707 21610 0.007200
0.439557 21615 0.007200
0.435087 21620 0.007200
0.436764 21630 0.007128
0.438307 21640 0.007128
0.435007 21655 0.007128
0.435912 21660 0.007057
0.435143 21665 0.007057
0.435669 21670 0.007057
0.441934 21675 0.007057
0.437155 21680 0.007057
0.437990 21685 0.007057
0.437222 21690 0.006986
0.439073 21700 0.006986
0.436947 21705 0.006986
0.434862 21725 0.006916
0.437503 21735 0.006916
0.435877 21745 0.006916
0.437383 21750 0.006847
0.436738 21755 0.006847
0.435687 21760 0.006847
0.436798 21770 0.006847
0.437187 21775 0.006847
0.435633 21780 0.006779
0.436309 21785 0.006779
0.436236 21810 0.006711
0.437355 21820 0.006711
0.438496 21825 0.006711
0.437794 21845 0.006644
0.435939 21855 0.006644
0.435097 21860 0.006644
0.435616 21865 0.006644
0.435330 21870 0.006577
0.438092 21875 0.006577
0.435481 21885 0.006577
0.434005 21890 0.006577
0.435519 21895 0.006577
0.436380 21910 0.006512
0.434520 21920 0.006512
0.435521 21925 0.006512
0.437794 21930 0.006447
0.441816 21935 0.006447
0.438876 21945 0.006447
0.434549 21950 0.006447
0.434613 21960 0.006382
0.434643 21970 0.006382
0.435488 21985 0.006382
0.435198 22000 0.006318
0.434226 22010 0.006318
0.434132 22015 0.006318
0.435959 22020 0.006255
0.435439 22035 0.006255
0.438157 22045 0.006255
0.435641 22055 0.006193
0.433947 22065 0.006193
0.436257 22075 0.006193
0.435923 22100 0.006131
0.435895 22110 0.006069
0.435021 22120 0.006069
0.433573 22125 0.006069
0.434609 22130 0.006069
0.434642 22135 0.006069
0.433688 22140 0.006009
0.436943 22155 0.006009
0.434649 22165 0.006009
0.434895 22175 0.005949
0.436201 22190 0.005949
0.438135 22200 0.005889
0.433523 22205 0.005889
0.435542 22215 0.005889
0.437778 22235 0.005830
0.434207 22240 0.005830
0.436083 22255 0.005830
0.436381 22260 0.005772
0.436527 22270 0.005772
0.438291 22275 0.005772
0.435501 22285 0.005772
0.436121 22290 0.005714
0.436408 22295 0.005714
0.437446 22300 0.005714
0.439311 22315 0.005714
0.438203 22325 0.005657
0.437089 22330 0.005657
0.438697 22340 0.005657
0.437452 22345 0.005657
0.439004 22350 0.005600
0.437423 22360 0.005600
0.436879 22375 0.005600
0.437756 22380 0.005544
0.437666 22395 0.005544
0.435994 22400 0.005544
0.437657 22405 0.005544
0.435085 22430 0.005489
0.438499 22440 0.005434
0.435864 22445 0.005434
0.438281 22470 0.005380
0.435219 22480 0.005380
0.436559 22490 0.005380
0.436540 22510 0.005326
0.435885 22525 0.005326
0.436121 22535 0.005273
0.434117 22540 0.005273
0.435341 22545 0.005273
0.433520 22560 0.005220
0.435023 22570 0.005220
0.436995 22575 0.005220
0.435861 22595 0.005168
0.434228 22600 0.005168
0.435763 22630 0.005116
0.435980 22640 0.005116
0.435775 22680 0.005014
0.434201 22695 0.005014
0.437868 22700 0.005014
0.437693 22705 0.005014
0.436866 22730 0.004964
0.434659 22735 0.004964
0.435337 22745 0.004915
0.436550 22750 0.004915
0.437436 22760 0.004915
0.434618 22770 0.004865
0.438151 22775 0.004865
0.436070 22780 0.004865
0.434974 22790 0.004865
0.435226 22795 0.004865
0.433379 22810 0.004817
0.433982 22815 0.004817
0.433976 22820 0.004817
0.435784 22825 0.004817
0.435468 22840 0.004769
0.436881 22845 0.004769
0.435919 22850 0.004769
0.437760 22855 0.004769
0.437019 22860 0.004721
0.436682 22875 0.004721
0.435681 22880 0.004721
0.435215 22885 0.004721
0.434731 22890 0.004674
0.436043 22905 0.004674
0.434886 22910 0.004674
0.434832 22920 0.004627
0.434281 22930 0.004627
0.435451 22940 0.004627
0.435512 22950 0.004581
0.435639 22955 0.004581
0.434001 22960 0.004581
0.435164 22970 0.004581
0.437081 22975 0.004581
0.434817 22995 0.004535
0.433070 23005 0.004535
0.434638 23010 0.004489
0.436729 23015 0.004489
0.433712 23035 0.004489
0.435248 23050 0.004445
0.435090 23055 0.004445
0.437075 23070 0.004400
0.435043 23075 0.004400
0.435200 23080 0.004400
0.435386 23085 0.004400
0.435082 23090 0.004400
0.434717 23100 0.004356
0.437770 23110 0.004356
0.436099 23125 0.004356
0.435275 23130 0.004313
0.436479 23135 0.004313
0.435249 23140 0.004313
0.435009 23145 0.004313
0.435096 23160 0.004269
0.436041 23175 0.004269
0.433749 23180 0.004269
0.435641 23200 0.004227
0.436102 23215 0.004227
0.435434 23220 0.004184
0.435022 23225 0.004184
0.435752 23230 0.004184
0.437969 23235 0.004184
0.435328 23245 0.004184
0.436573 23250 0.004143
0.433910 23265 0.004143
0.435096 23270 0.004143
0.434195 23275 0.004143
0.433816 23290 0.004101
0.433920 23300 0.004101
0.435449 23315 0.004060
0.433308 23330 0.004060
0.433767 23335 0.004060
0.434883 23345 0.004020
0.434782 23360 0.004020
0.433678 23365 0.004020
0.434368 23370 0.003979
0.434697 23385 0.003979
0.433837 23390 0.003979
0.435732 23395 0.003979
0.435123 23400 0.003940
0.434503 23405 0.003940
0.433816 23415 0.003940
0.433098 23425 0.003940
0.433669 23440 0.003900
0.436105 23455 0.003900
0.436657 23460 0.003861
0.434708 23465 0.003861
0.434261 23475 0.003861
0.434435 23490 0.003823
0.434779 23505 0.003823
0.433917 23510 0.003823
0.434074 23515 0.003823
0.434391 23520 0.003784
0.433889 23535 0.003784
0.434570 23540 0.003784
0.433350 23560 0.003747
0.434375 23575 0.003747
0.436413 23590 0.003709
0.434669 23605 0.003709
0.437249 23610 0.003672
0.435314 23615 0.003672
0.435708 23620 0.003672
0.433801 23630 0.003672
0.434883 23640 0.003635
0.437142 23650 0.003635
0.434458 23655 0.003635
0.436733 23660 0.003635
0.433987 23665 0.003635
0.434147 23670 0.003599
0.435044 23680 0.003599
0.434023 23690 0.003599
0.433771 23695 0.003599
0.433979 23700 0.003563
0.435286 23710 0.003563
0.435390 23715 0.003563
0.436237 23720 0.003563
0.436358 23725 0.003563
0.434494 23755 0.003527
0.434358 23760 0.003492
0.434341 23770 0.003492
0.435378 23775 0.003492
0.434277 23795 0.003457
0.434388 23800 0.003457
0.436940 23810 0.003457
0.437685 23815 0.003457
0.434888 23820 0.003423
0.433767 23825 0.003423
0.434476 23835 0.003423
0.434483 23845 0.003423
0.433488 23850 0.003388
0.434792 23860 0.003388
0.435034 23865 0.003388
0.434595 23870 0.003388
0.434899 23875 0.003388
0.433234 23890 0.003354
0.434723 23895 0.003354
0.435452 23900 0.003354
0.435696 23905 0.003354
0.434553 23910 0.003321
0.435015 23915 0.003321
0.434493 23930 0.003321
0.434533 23940 0.003288
0.434585 23950 0.003288
0.434274 23955 0.003288
0.435472 23960 0.003288
0.434656 23965 0.003288
0.435177 23980 0.003255
0.434202 23995 0.003255
0.434428 24005 0.003222
0.433962 24015 0.003222
0.435115 24025 0.003222
0.433940 24045 0.003190
0.434009 24050 0.003190
0.434726 24055 0.003190
0.434082 24060 0.003158
0.434818 24070 0.003158
0.434767 24080 0.003158
0.437357 24085 0.003158
0.433616 24095 0.003127
0.433427 24100 0.003127
0.434574 24110 0.003127
0.434041 24120 0.003095
0.434455 24135 0.003095
0.435050 24145 0.003095
0.434290 24150 0.003064
0.435162 24155 0.003064
0.434673 24160 0.003064
0.434561 24165 0.003064
0.434064 24175 0.003064
0.434370 24185 0.003034
0.435424 24190 0.003034
0.434227 24195 0.003034
0.433947 24205 0.003034
0.433173 24215 0.003003
0.433488 24225 0.003003
0.433968 24240 0.002973
0.433542 24245 0.002973
0.434795 24250 0.002973
0.435125 24265 0.002973
0.436281 24275 0.002944
0.433997 24280 0.002944
0.436833 24285 0.002944
0.433396 24290 0.002944
0.434662 24295 0.002944
0.434240 24305 0.002914
0.434237 24320 0.002914
0.434004 24325 0.002914
0.434627 24330 0.002885
0.434257 24340 0.002885
0.434028 24345 0.002885
0.433313 24355 0.002885
0.433479 24360 0.002856
0.433373 24365 0.002856
0.434590 24370 0.002856
0.433280 24375 0.002856
0.434081 24385 0.002856
0.433594 24395 0.002828
0.435369 24400 0.002828
0.433132 24405 0.002828
0.434726 24410 0.002828
0.434994 24420 0.002799
0.433448 24425 0.002799
0.433851 24430 0.002799
0.434949 24435 0.002799
0.433888 24440 0.002799
0.434752 24445 0.002799
0.434689 24455 0.002771
0.435418 24465 0.002771
0.434381 24480 0.002744
0.434330 24485 0.002744
0.434300 24495 0.002744
0.433439 24500 0.002744
0.434800 24505 0.002744
0.433460 24510 0.002716
0.433454 24515 0.002716
0.434273 24535 0.002716
0.434734 24540 0.002689
0.433568 24545 0.002689
0.432935 24550 0.002689
0.434114 24555 0.002689
0.433617 24575 0.002662
0.434633 24580 0.002662
0.434368 24595 0.002662
0.433523 24605 0.002635
0.433564 24620 0.002635
0.434996 24625 0.002635
0.433771 24645 0.002609
0.435094 24655 0.002609
0.433661 24660 0.002583
0.434375 24665 0.002583
0.434756 24670 0.002583
0.435070 24675 0.002583
0.436476 24680 0.002583
0.435491 24695 0.002557
0.436553 24700 0.002557
0.434403 24705 0.002557
0.434112 24715 0.002557
0.434162 24720 0.002532
0.435197 24725 0.002532
0.435106 24730 0.002532
0.434957 24735 0.002532
0.434546 24740 0.002532
0.434434 24770 0.002506
0.433908 24775 0.002506
0.433974 24780 0.002481
0.434550 24785 0.002481
0.433420 24795 0.002481
0.434080 24805 0.002481
0.433898 24820 0.002456
0.435093 24825 0.002456
0.433345 24830 0.002456
0.434571 24850 0.002432
0.433699 24860 0.002432
0.435613 24880 0.002408
0.433561 24885 0.002408
0.434082 24890 0.002408
0.435581 24900 0.002383
0.433310 24910 0.002383
0.433931 24920 0.002383
0.434084 24925 0.002383
0.434471 24935 0.002360
0.434690 24940 0.002360
0.434987 24950 0.002360
0.434925 24960 0.002336
0.434445 24970 0.002336
0.434622 24975 0.002336
0.434916 24985 0.002336
0.434839 24990 0.002313
0.434360 24995 0.002313
0.434368 25000 0.002313
0.434443 25015 0.002313
0.433682 25020 0.002290
0.433025 25035 0.002290
0.433907 25040 0.002290
0.434214 25060 0.002267
0.433647 25065 0.002267
0.434305 25080 0.002244
0.433981 25090 0.002244
0.433780 25100 0.002244
0.434509 25105 0.002244
0.434832 25110 0.002222
0.433692 25115 0.002222
0.434354 25120 0.002222
0.434467 25125 0.002222
0.434579 25135 0.002222
0.434685 25145 0.002199
0.434880 25155 0.002199
0.435585 25165 0.002199
0.436373 25180 0.002177
0.434175 25190 0.002177
0.433713 25200 0.002156
0.433872 25205 0.002156
0.434635 25210 0.002156
0.434694 25215 0.002156
0.434878 25220 0.002156
0.434182 25240 0.002134
0.434369 25250 0.002134
0.434251 25255 0.002134
0.434155 25260 0.002113
0.434188 25275 0.002113
0.433333 25285 0.002113
0.434005 25300 0.002092
0.433011 25315 0.002092
0.434634 25320 0.002071
0.433916 25325 0.002071
0.434734 25335 0.002071
0.434325 25340 0.002071
0.433493 25345 0.002071
0.433820 25355 0.002050
0.434221 25370 0.002050
0.433561 25380 0.002029
0.434142 25385 0.002029
0.433676 25395 0.002029
0.435083 25405 0.002029
0.434123 25410 0.002009
0.433687 25415 0.002009
0.433283 25420 0.002009
0.434303 25430 0.002009
0.433990 25435 0.002009
0.433483 25445 0.001989
0.433388 25450 0.001989
0.433525 25455 0.001989
0.434993 25460 0.001989
0.433955 25485 0.001969
0.433978 25490 0.001969
0.434462 25495 0.001969
0.433369 25500 0.001949
0.433912 25505 0.001949
0.433475 25515 0.001949
0.433448 25530 0.001930
0.433138 25535 0.001930
0.433983 25545 0.001930
0.433281 25550 0.001930
0.434380 25555 0.001930
0.435144 25560 0.001911
0.434059 25565 0.001911
0.433076 25570 0.001911
0.433954 25585 0.001911
0.433744 25590 0.001892
0.433477 25600 0.001892
0.434107 25605 0.001892
0.433924 25610 0.001892
0.433282 25615 0.001892
0.433603 25625 0.001873
0.433094 25630 0.001873
0.433186 25655 0.001854
0.433447 25670 0.001854
0.433623 25675 0.001854
0.433421 25680 0.001835
0.433218 25685 0.001835
0.433353 25695 0.001835
0.433544 25705 0.001835
0.433600 25710 0.001817
0.433638 25720 0.001817
0.434162 25730 0.001817
0.433849 25740 0.001799
0.433826 25745 0.001799
0.433499 25755 0.001799
0.433181 25760 0.001799
0.433696 25765 0.001799
0.433012 25775 0.001781
0.433190 25780 0.001781
0.433771 25790 0.001781
0.433589 25800 0.001763
0.433029 25805 0.001763
0.433453 25810 0.001763
0.433534 25830 0.001745
0.433750 25840 0.001745
0.434632 25850 0.001745
0.434067 25855 0.001745
0.433853 25865 0.001728
0.433685 25875 0.001728
0.434357 25895 0.001711
0.434166 25915 0.001711
0.434570 25920 0.001694
0.434486 25925 0.001694
0.434806 25935 0.001694
0.434659 25950 0.001677
0.433797 25970 0.001677
0.433482 25975 0.001677
0.434180 25985 0.001660
0.433585 25990 0.001660
0.433344 25995 0.001660
0.433672 26000 0.001660
0.433160 26015 0.001643
0.433050 26020 0.001643
0.433228 26030 0.001643
0.433770 26040 0.001627
0.433021 26045 0.001627
0.433338 26055 0.001627
0.434359 26060 0.001627
0.433681 26065 0.001627
0.435319 26095 0.001611
0.434150 26100 0.001594
0.434743 26105 0.001594
0.433928 26110 0.001594
0.433955 26115 0.001594
0.433705 26120 0.001594
0.434170 26125 0.001594
0.433400 26130 0.001579
0.433743 26140 0.001579
0.433480 26145 0.001579
0.433957 26150 0.001579
0.434178 26155 0.001579
0.433678 26160 0.001563
0.434044 26165 0.001563
0.433863 26175 0.001563
0.433195 26185 0.001563
0.433667 26190 0.001547
0.433106 26195 0.001547
0.433840 26200 0.001547
0.433964 26210 0.001547
0.433838 26215 0.001547
0.433978 26225 0.001532
0.433652 26235 0.001532
0.433599 26255 0.001516
0.433159 26265 0.001516
0.433249 26280 0.001501
0.433746 26285 0.001501
0.433757 26295 0.001501
0.433491 26305 0.001501
0.433815 26310 0.001486
0.433757 26315 0.001486
0.433430 26320 0.001486
0.433368 26345 0.001471
0.433746 26355 0.001471
0.433694 26360 0.001471
0.433636 26365 0.001471
0.433905 26375 0.001457
0.433421 26380 0.001457
0.433586 26385 0.001457
0.433682 26395 0.001457
0.433382 26410 0.001442
0.434264 26415 0.001442
0.433699 26425 0.001442
0.434305 26430 0.001428
0.435381 26435 0.001428
0.433179 26440 0.001428
0.433625 26445 0.001428
0.433717 26465 0.001413
0.433630 26470 0.001413
0.433809 26475 0.001413
0.433828 26505 0.001399
0.433913 26510 0.001399
0.433303 26515 0.001399
0.433218 26520 0.001385
0.433351 26540 0.001385
0.434423 26545 0.001385
0.433249 26560 0.001371
0.433209 26585 0.001358
0.433349 26595 0.001358
0.433046 26600 0.001358
0.433769 26605 0.001358
0.433670 26620 0.001344
0.433684 26635 0.001344
0.433839 26640 0.001331
0.433465 26645 0.001331
0.434245 26655 0.001331
0.433931 26665 0.001331
0.433811 26675 0.001317
0.433074 26680 0.001317
0.433111 26685 0.001317
0.433297 26690 0.001317
0.433768 26695 0.001317
0.433399 26705 0.001304
0.433784 26710 0.001304
0.433311 26720 0.001304
0.433998 26725 0.001304
0.433643 26730 0.001291
0.433491 26745 0.001291
0.433250 26755 0.001291
0.434074 26760 0.001278
0.433469 26765 0.001278
0.433129 26770 0.001278
0.433806 26790 0.001265
0.433705 26795 0.001265
0.433781 26810 0.001265
0.434304 26820 0.001253
0.433218 26825 0.001253
0.433756 26840 0.001253
0.432960 26845 0.001253
0.433200 26850 0.001240
0.433271 26865 0.001240
0.433691 26870 0.001240
0.434063 26875 0.001240
0.433463 26890 0.001228
0.433327 26900 0.001228
0.434227 26905 0.001228
0.433525 26910 0.001216
0.433415 26915 0.001216
0.433248 26935 0.001216
0.433274 26945 0.001203
0.433758 26955 0.001203
0.433486 26960 0.001203
0.433620 26970 0.001191
0.433738 26975 0.001191
0.433635 26985 0.001191
0.433353 26990 0.001191
0.433333 26995 0.001191
0.433596 27005 0.001179
0.433960 27015 0.001179
0.433472 27025 0.001179
0.433633 27040 0.001168
0.433187 27045 0.001168
0.433993 27055 0.001168
0.433267 27060 0.001156
0.432941 27065 0.001156
