0 0
600 0
1200 0
1800 0.005
2400 0
3000 0
3600 0.01
4200 0.015
4800 0.02
5400 0.034
6000 0.068
6600 0.078
7200 0.127
7800 0.21
8400 0.264
9000 0.381
9600 0.537
10200 0.649
10800 0.913
11400 1.094
12000 1.382
12600 1.47
13200 1.611
13800 1.748
14400 2.173
15000 2.241
15600 2.437
16200 2.612
16800 2.715
17400 2.93
18000 3.027
18600 3.179
19200 3.208
19800 3.311
20400 3.359
21000 3.306
21600 3.262
22200 3.013
22800 3.057
23400 2.988
24000 2.725
24600 2.695
25200 2.481
25800 2.412
26400 2.246
27000 2.051
27600 1.992
28200 1.768
28800 1.631
29400 1.582
30000 1.533
30600 1.499
31200 1.328
31800 1.108
32400 1.162
33000 1.123
33600 1.021
34200 0.903
34800 0.83
35400 0.752
36000 0.752
36600 0.693
37200 0.723
37800 0.645
38400 0.469
39000 0.581
39600 0.498
40200 0.464
40800 0.508
41400 0.439
42000 0.361
42600 0.371
43200 0.381
43800 0.356
44400 0.288
45000 0.342
45600 0.254
46200 0.303
46800 0.254
47400 0.225
48000 0.249
48600 0.19
49200 0.176
49800 0.171
50400 0.156
51000 0.151
51600 0.151
52200 0.132
52800 0.103
53400 0.059
54000 0.073
54600 0.088
55200 0.063
55800 0.049
56400 0.039
57000 0.054
57600 0.049
58200 0.029
58800 0.039
59400 0.024
60000 0.02
60600 0.015
61200 0.01
61800 0.01
62400 0.01
63000 0.02
63600 0.01
64200 0
64800 0
65400 0
66000 0
66600 0
67200 0
67800 0
68400 0
69000 0
69600 0
70200 0
70800 0
71400 0
72000 0

